tracker	detector	nn	learner	sum
30	3	0	1	34
7	4	0	1	12
7	3	1	0	11
7	4	0	1	12
7	3	0	1	11
7	3	0	1	11
14	8	0	1	23
10	5	0	1	16
7	4	0	1	12
8	4	0	1	13
9	5	0	1	15
7	4	0	1	12
7	4	0	1	12
7	4	0	1	12
8	4	0	1	13
14	8	0	1	23
43	3	0	1	47
10	5	0	1	16
7	4	0	1	12
6	4	0	1	11
11	5	0	1	17
8	4	0	1	13
7	4	0	1	12
8	4	0	1	13
7	4	0	1	12
7	3	1	0	11
7	4	0	1	12
7	4	0	1	12
10	5	0	1	16
7	4	0	1	12
7	4	0	1	12
7	4	0	1	12
24	8	0	2	34
7	4	0	1	12
7	4	1	0	12
7	4	0	1	12
6	5	0	1	12
7	4	0	1	12
18	9	0	1	28
9	4	0	1	14
7	4	0	1	12
7	5	0	0	12
12	5	0	1	18
8	4	0	1	13
6	4	0	1	11
7	4	0	1	12
7	4	0	1	12
19	8	0	1	28
8	4	0	1	13
7	5	0	1	13
7	4	0	1	12
7	4	0	1	12
7	5	0	1	13
7	5	0	1	13
8	5	0	1	14
7	4	0	1	12
7	5	0	1	13
16	6	0	1	23
6	4	1	0	11
7	4	0	1	12
6	5	0	1	12
6	5	0	1	12
7	5	0	1	13
8	4	1	0	13
7	4	0	1	12
7	4	1	0	12
7	5	0	1	13
7	6	0	1	14
7	6	0	1	14
14	6	0	1	21
8	4	0	1	13
7	5	0	1	13
11	6	0	1	18
6	5	0	1	12
7	5	0	1	13
13	5	1	1	20
7	5	0	1	13
6	5	0	1	12
7	5	0	1	13
7	5	0	1	13
7	5	0	1	13
8	5	0	1	14
7	5	0	0	12
8	5	0	1	14
12	6	0	1	19
7	5	0	1	13
7	5	0	1	13
8	5	0	1	14
7	5	0	1	13
8	5	0	1	14
8	6	0	1	15
7	7	0	1	15
8	6	0	1	15
7	5	0	1	13
6	7	0	1	14
7	6	0	1	14
7	5	0	1	13
18	12	0	1	31
10	7	0	1	18
16	8	0	1	25
7	5	0	1	13
7	5	0	1	13
6	6	0	1	13
7	6	0	1	14
7	5	1	0	13
7	5	0	1	13
8	6	0	1	15
8	6	0	1	15
7	6	0	1	14
7	6	0	1	14
7	6	1	0	14
7	6	0	1	14
8	7	0	1	16
8	7	0	1	16
16	9	0	1	26
7	7	0	1	15
7	8	0	1	16
15	10	0	1	26
6	7	0	1	14
7	7	0	1	15
7	7	0	1	15
13	14	1	1	29
9	8	0	1	18
7	6	0	1	14
7	7	0	1	15
7	7	0	1	15
7	6	0	1	14
7	6	0	1	14
7	6	0	1	14
7	7	0	1	15
8	7	0	1	16
8	7	0	1	16
8	7	0	1	16
6	7	0	1	14
18	14	0	2	34
8	7	0	1	16
7	7	0	1	15
15	13	0	2	30
8	7	0	1	16
10	8	0	1	19
7	6	0	1	14
6	5	0	1	12
6	6	0	1	13
6	5	0	0	11
6	5	0	0	11
6	6	0	0	12
7	5	0	0	12
8	5	0	0	13
6	5	0	0	11
7	4	0	0	11
8	4	0	0	12
6	4	0	0	10
6	4	0	0	10
13	8	0	0	21
9	5	0	0	14
7	5	0	0	12
7	5	0	0	12
12	11	0	0	23
12	10	0	0	22
8	6	0	0	14
11	7	0	0	18
10	8	0	0	18
6	6	0	0	12
6	6	0	0	12
7	6	0	0	13
8	7	0	0	15
7	7	0	0	14
7	7	0	0	14
11	8	0	0	19
7	6	0	0	13
7	6	0	0	13
7	6	0	0	13
19	11	0	0	30
6	6	0	0	12
6	6	0	0	12
7	6	0	0	13
7	7	0	0	14
7	7	0	0	14
7	6	0	0	13
7	6	0	0	13
7	7	0	0	14
7	6	0	0	13
8	6	0	0	14
13	8	0	0	21
7	6	0	0	13
7	6	0	0	13
7	6	0	0	13
7	6	0	0	13
7	6	0	0	13
7	7	0	0	14
8	6	0	0	14
8	6	0	0	14
7	6	0	0	13
7	7	0	0	14
8	7	0	0	15
6	6	0	0	12
7	6	0	0	13
7	7	0	0	14
5	6	0	0	11
7	6	0	0	13
7	5	0	0	12
7	6	0	0	13
6	6	0	0	12
7	6	0	0	13
7	6	0	0	13
19	12	0	0	31
7	7	0	0	14
7	6	0	0	13
16	9	0	0	25
6	6	0	0	12
6	6	0	0	12
8	7	0	0	15
8	6	0	0	14
8	7	0	0	15
7	8	0	0	15
10	7	0	0	17
9	7	0	0	16
10	7	0	0	17
7	7	0	0	14
7	6	0	0	13
7	6	0	0	13
7	7	0	0	14
7	7	0	0	14
6	7	0	0	13
15	12	0	0	27
8	7	0	0	15
7	6	0	0	13
7	6	0	0	13
6	7	0	0	13
18	9	0	0	27
7	6	0	0	13
7	6	0	0	13
7	6	0	0	13
8	7	0	0	15
8	7	0	0	15
9	7	0	0	16
8	7	0	0	15
14	8	0	0	22
7	6	0	0	13
6	6	0	0	12
7	6	0	0	13
8	6	0	0	14
7	7	0	0	14
21	12	0	0	33
7	7	0	0	14
6	7	0	0	13
7	8	0	0	15
7	8	0	0	15
7	8	0	0	15
7	8	0	0	15
7	10	0	0	17
6	8	0	0	14
7	9	0	0	16
7	9	0	0	16
7	11	0	0	18
8	10	0	0	18
11	15	0	0	26
7	10	0	0	17
7	10	0	0	17
1	11	0	0	12
0	11	1	0	12
0	12	0	0	12
1	12	0	0	13
1	12	0	0	13
0	12	0	0	12
0	13	0	0	13
0	14	0	0	14
1	18	1	0	20
1	13	0	0	14
0	13	0	0	13
1	13	0	0	14
1	14	0	0	15
1	16	0	0	17
1	16	0	0	17
1	15	0	0	16
0	15	0	0	15
1	14	0	0	15
1	17	0	0	18
1	14	0	0	15
0	14	0	0	14
0	15	0	0	15
1	16	0	0	17
1	15	1	0	17
0	15	0	0	15
1	14	0	0	15
0	15	0	0	15
0	28	0	0	28
0	16	0	0	16
0	14	0	0	14
1	13	0	0	14
0	15	0	0	15
22	22	1	0	45
9	14	1	0	24
6	13	1	0	20
9	15	0	0	24
6	13	1	0	20
11	22	1	0	34
6	13	0	0	19
6	15	0	0	21
6	14	0	0	20
6	13	1	0	20
6	14	1	0	21
6	14	1	0	21
7	14	0	0	21
7	13	0	0	20
6	13	1	0	20
9	14	0	0	23
7	15	0	0	22
13	16	0	1	30
7	8	1	0	16
14	14	1	1	30
7	8	0	1	16
7	7	0	1	15
7	7	0	1	15
6	8	0	1	15
7	7	0	1	15
6	8	0	1	15
7	7	0	1	15
7	8	0	1	16
8	8	0	1	17
8	8	0	1	17
8	7	0	1	16
7	6	1	1	15
7	7	0	1	15
7	7	1	1	16
7	8	0	1	16
7	7	1	0	15
14	9	0	1	24
7	6	1	0	14
6	7	0	1	14
8	6	1	0	15
17	13	1	1	32
7	8	0	1	16
7	8	0	1	16
7	7	1	1	16
6	8	0	1	15
8	7	1	1	17
8	8	0	1	17
10	7	0	1	18
7	6	0	1	14
7	6	1	0	14
7	7	0	1	15
7	6	1	0	14
7	6	1	1	15
8	6	1	1	16
7	6	1	0	14
7	6	0	1	14
7	7	0	1	15
8	5	1	1	15
7	6	0	1	14
7	7	0	1	15
7	7	0	1	15
8	6	1	0	15
11	11	0	2	24
18	12	0	1	31
8	6	0	1	15
6	7	0	1	14
11	8	0	1	20
11	7	0	1	19
7	6	1	1	15
6	7	0	1	14
7	5	0	1	13
22	11	0	2	35
8	5	0	1	14
7	5	0	1	13
7	5	1	0	13
7	5	1	1	14
7	6	0	1	14
7	5	1	0	13
7	6	0	1	14
8	6	1	1	16
15	8	0	1	24
11	6	0	1	18
7	6	0	1	14
8	5	0	1	14
7	7	0	1	15
8	7	0	1	16
8	5	0	1	14
7	6	0	1	14
18	8	0	2	28
7	5	0	1	13
7	5	1	0	13
7	5	0	1	13
12	6	1	0	19
7	6	0	1	14
11	6	1	1	19
7	6	0	1	14
7	6	0	1	14
8	7	0	1	16
8	8	0	1	17
7	6	1	1	15
7	5	0	1	13
7	5	0	1	13
8	6	1	1	16
8	5	0	1	14
8	6	1	1	16
8	7	0	1	16
8	6	0	1	15
8	5	0	1	14
7	4	0	1	12
7	5	0	1	13
8	5	1	0	14
7	5	0	1	13
8	5	0	1	14
7	6	0	1	14
7	5	0	1	13
8	5	0	1	14
7	4	1	0	12
18	10	0	1	29
18	9	0	2	29
8	4	1	0	13
7	4	1	1	13
7	5	0	1	13
7	5	0	1	13
8	6	1	1	16
8	6	0	1	15
8	6	0	1	15
8	5	0	1	14
7	5	0	1	13
7	5	0	1	13
7	5	0	1	13
7	6	0	1	14
7	5	0	1	13
7	5	0	1	13
7	5	0	1	13
7	5	0	1	13
7	4	0	1	12
7	5	0	1	13
8	4	0	1	13
7	5	0	1	13
8	4	0	1	13
7	5	0	1	13
10	5	0	1	16
7	4	0	1	12
7	4	1	1	13
18	9	0	1	28
7	5	0	1	13
8	4	1	1	14
8	4	0	1	13
7	5	0	1	13
7	5	1	1	14
8	5	0	1	14
8	5	0	1	14
7	5	0	1	13
7	5	0	1	13
7	5	0	1	13
7	5	1	1	14
8	5	1	1	15
7	5	0	1	13
14	5	1	1	21
11	5	0	1	17
7	4	1	1	13
7	5	0	1	13
7	5	0	1	13
7	5	0	1	13
8	4	0	1	13
17	6	0	2	25
7	5	0	1	13
7	5	1	1	14
8	5	0	1	14
7	5	1	0	13
7	4	0	1	12
7	5	0	1	13
7	5	1	1	14
7	4	1	1	13
7	3	1	1	12
7	4	0	1	12
7	4	0	1	12
8	4	0	1	13
15	5	1	1	22
7	4	0	1	12
7	4	1	0	12
7	5	0	1	13
8	5	0	1	14
7	4	0	1	12
7	4	0	1	12
9	3	0	1	13
23	7	0	2	32
8	4	0	1	13
7	5	0	1	13
8	4	0	1	13
7	4	0	1	12
7	4	1	1	13
7	4	0	1	12
8	4	1	0	13
8	4	0	1	13
7	4	0	1	12
7	4	0	1	12
7	4	1	1	13
8	4	0	1	13
25	9	0	2	36
8	4	0	1	13
7	3	1	1	12
12	5	0	1	18
7	4	1	0	12
7	4	1	0	12
7	5	0	1	13
7	6	0	1	14
8	5	0	1	14
8	4	0	1	13
7	4	1	1	13
19	6	0	1	26
7	3	0	1	11
7	4	0	1	12
8	4	0	1	13
7	5	0	1	13
7	5	0	1	13
7	5	0	1	13
8	4	1	1	14
8	5	0	1	14
8	3	1	1	13
7	4	0	1	12
7	4	1	1	13
7	4	0	1	12
7	4	0	1	12
7	4	0	1	12
8	3	0	1	12
7	3	1	1	12
7	4	0	1	12
7	4	0	1	12
7	5	0	1	13
8	3	0	1	12
8	4	0	1	13
7	3	0	1	11
7	4	0	1	12
7	4	0	1	12
9	3	0	1	13
11	5	0	1	17
7	5	0	1	13
8	3	1	1	13
8	4	0	1	13
8	4	0	1	13
7	4	0	1	12
7	4	0	1	12
7	4	0	1	12
7	4	0	1	12
12	4	0	2	18
6	3	0	1	10
7	4	0	1	12
7	4	0	1	12
8	3	0	1	12
20	9	0	2	31
7	4	0	1	12
8	3	0	1	12
6	4	0	1	11
7	4	0	1	12
7	3	1	1	12
7	3	0	1	11
8	3	0	1	12
7	3	1	1	12
7	4	0	1	12
7	3	0	1	11
7	3	1	0	11
7	3	0	1	11
7	3	1	1	12
7	4	0	1	12
8	3	0	1	12
7	4	0	1	12
8	4	0	1	13
7	4	0	1	12
7	3	0	1	11
6	4	0	1	11
8	3	1	1	13
7	4	0	1	12
7	4	0	1	12
7	3	0	1	11
7	4	0	1	12
7	4	0	1	12
16	5	0	2	23
10	4	0	1	15
7	3	0	1	11
8	4	0	1	13
13	5	0	1	19
7	4	0	1	12
7	3	1	1	12
11	5	0	1	17
10	4	0	1	15
7	4	0	1	12
8	3	0	1	12
12	4	0	1	17
11	5	0	2	18
11	4	0	1	16
7	3	0	1	11
7	3	0	1	11
8	3	0	1	12
7	4	0	1	12
8	3	0	1	12
8	3	0	1	12
7	3	1	1	12
7	4	0	1	12
7	4	0	1	12
7	4	0	1	12
19	6	0	2	27
8	4	1	1	14
8	4	0	2	14
7	4	0	1	12
14	5	0	1	20
10	4	1	1	16
7	4	0	1	12
13	5	0	2	20
10	3	1	1	15
6	3	0	1	10
7	4	0	1	12
7	4	0	1	12
7	4	0	1	12
7	4	0	1	12
8	3	1	1	13
8	3	0	1	12
17	5	1	1	24
10	4	0	1	15
7	4	0	1	12
7	3	1	0	11
7	4	0	1	12
8	3	0	1	12
20	8	0	2	30
9	4	0	1	14
7	3	0	1	11
8	3	0	1	12
7	3	0	1	11
8	3	0	1	12
7	4	0	1	12
8	4	0	1	13
8	4	0	1	13
17	8	1	1	27
8	3	0	1	12
7	4	0	1	12
7	4	0	1	12
7	4	0	1	12
7	4	0	1	12
8	4	0	1	13
7	3	1	1	12
8	4	0	1	13
10	4	0	1	15
8	4	0	1	13
8	4	0	1	13
10	5	0	1	16
7	4	1	1	13
7	5	0	1	13
8	5	0	1	14
7	5	1	0	13
8	3	0	1	12
8	4	0	1	13
8	4	0	1	13
7	4	0	1	12
7	3	0	1	11
16	5	0	1	22
7	3	0	1	11
18	6	1	1	26
8	3	0	1	12
8	4	0	1	13
8	4	0	1	13
7	4	0	1	12
7	4	0	1	12
8	3	0	1	12
7	4	0	1	12
7	4	0	1	12
7	3	1	1	12
7	4	0	1	12
7	4	0	1	12
7	4	0	1	12
7	5	0	1	13
7	4	0	1	12
8	4	0	1	13
8	4	1	1	14
17	8	1	1	27
9	4	0	1	14
7	4	0	1	12
8	4	0	1	13
8	4	0	1	13
8	3	0	1	12
7	3	0	1	11
7	4	0	1	12
12	5	0	1	18
7	4	0	1	12
7	4	0	1	12
7	4	0	1	12
8	4	0	1	13
8	4	0	1	13
15	5	1	1	22
7	3	1	1	12
7	4	0	1	12
8	4	0	1	13
7	4	0	1	12
19	10	0	2	31
10	5	0	1	16
8	5	0	1	14
8	5	1	1	15
9	5	0	1	15
8	6	0	1	15
16	6	0	1	23
7	4	0	1	12
7	4	0	1	12
7	5	0	1	13
7	3	1	1	12
7	4	1	1	13
7	4	0	1	12
7	4	0	1	12
17	6	0	2	25
7	4	0	1	12
6	4	1	1	12
12	6	0	1	19
11	6	0	2	19
7	4	0	1	12
8	4	0	1	13
20	7	0	2	29
8	5	1	1	15
8	4	1	1	14
8	5	0	1	14
7	4	1	0	12
7	5	0	1	13
7	5	0	1	13
8	5	0	1	14
8	4	0	1	13
7	5	0	1	13
7	5	0	1	13
8	4	0	1	13
7	4	0	1	12
7	5	0	1	13
19	11	0	1	31
8	4	0	1	13
11	6	0	1	18
7	4	0	1	12
19	8	0	2	29
8	5	0	1	14
7	4	1	1	13
10	6	0	1	17
8	4	0	1	13
8	4	0	1	13
7	6	0	1	14
8	5	0	1	14
8	5	0	1	14
8	5	0	1	14
14	6	1	1	22
7	5	0	1	13
7	5	0	1	13
9	5	0	1	15
8	5	0	1	14
8	5	0	1	14
10	5	0	1	16
8	5	0	1	14
7	5	0	1	13
7	4	1	0	12
7	5	0	1	13
8	4	0	1	13
7	5	0	1	13
7	5	0	1	13
8	5	0	1	14
7	4	1	1	13
7	5	1	1	14
7	5	0	1	13
7	6	0	1	14
8	6	0	1	15
7	5	0	1	13
7	6	0	1	14
18	7	0	2	27
6	4	1	0	11
7	5	0	1	13
7	5	0	1	13
19	13	0	2	34
8	5	0	1	14
11	5	1	1	18
7	5	0	1	13
7	5	0	1	13
7	5	1	0	13
7	5	0	1	13
7	5	1	0	13
7	5	0	1	13
7	5	1	1	14
12	6	0	1	19
7	5	0	1	13
7	5	0	1	13
7	5	0	0	12
7	6	1	1	15
7	6	0	1	14
8	5	0	1	14
8	5	1	1	15
13	7	0	1	21
10	5	0	1	16
7	5	1	0	13
7	5	0	1	13
7	5	0	1	13
7	6	0	1	14
8	5	0	1	14
6	5	0	1	12
7	5	0	1	13
6	5	0	0	11
7	4	0	0	11
7	4	0	0	11
12	6	0	0	18
6	5	0	0	11
6	5	0	0	11
7	6	0	0	13
6	6	1	0	13
1	6	1	0	8
0	8	0	0	8
0	8	0	0	8
1	7	0	0	8
0	8	0	0	8
0	8	0	0	8
2	20	0	0	22
1	10	0	0	11
0	8	0	0	8
1	8	0	0	9
1	8	0	0	9
1	20	0	0	21
0	10	0	0	10
0	10	0	0	10
0	10	0	0	10
0	10	0	0	10
0	10	0	0	10
0	9	0	0	9
0	8	0	0	8
0	8	0	0	8
0	9	0	0	9
1	8	0	0	9
0	8	0	0	8
0	9	0	0	9
1	8	0	0	9
0	9	0	0	9
0	9	0	0	9
1	8	0	0	9
1	12	0	0	13
1	7	0	0	8
1	8	0	0	9
1	7	0	0	8
0	8	0	0	8
1	8	0	0	9
1	8	0	0	9
1	8	0	0	9
0	9	0	0	9
0	9	0	0	9
0	9	0	0	9
0	9	0	0	9
1	9	0	0	10
1	8	0	0	9
0	8	0	0	8
0	9	0	0	9
0	8	1	0	9
0	9	0	0	9
1	9	0	0	10
1	8	0	0	9
0	9	0	0	9
1	8	0	0	9
0	8	0	0	8
1	19	0	0	20
0	15	0	0	15
1	14	0	0	15
0	13	0	0	13
0	8	0	0	8
1	7	0	0	8
0	9	0	0	9
0	8	0	0	8
1	8	0	0	9
0	8	0	0	8
0	9	0	0	9
0	9	0	0	9
0	9	0	0	9
0	9	0	0	9
1	8	0	0	9
2	19	0	0	21
0	8	0	0	8
0	9	0	0	9
0	10	0	0	10
0	9	0	0	9
1	15	1	0	17
1	8	0	0	9
1	8	0	0	9
0	8	0	0	8
0	8	0	0	8
0	8	0	0	8
0	8	0	0	8
1	8	0	0	9
1	8	0	0	9
1	8	0	0	9
1	8	0	0	9
0	8	0	0	8
1	11	0	0	12
1	19	0	0	20
0	18	1	0	19
2	24	0	0	26
1	11	0	0	12
1	8	0	0	9
1	8	0	0	9
0	9	0	0	9
1	8	0	0	9
1	9	0	0	10
1	9	0	0	10
2	15	0	0	17
1	7	1	0	9
1	13	0	0	14
1	8	0	0	9
0	8	0	0	8
1	8	0	0	9
0	8	0	0	8
1	8	0	0	9
0	8	0	0	8
1	8	0	0	9
1	8	0	0	9
0	8	1	0	9
0	8	1	0	9
1	8	0	0	9
1	8	0	0	9
0	10	0	0	10
1	25	0	0	26
1	12	0	0	13
1	12	0	0	13
1	10	0	0	11
0	9	0	0	9
1	8	0	0	9
0	9	0	0	9
1	8	0	0	9
0	9	0	0	9
0	8	0	0	8
1	22	0	0	23
1	10	0	0	11
1	7	1	0	9
0	8	0	0	8
0	8	0	0	8
0	8	0	0	8
0	9	0	0	9
0	8	0	0	8
0	9	0	0	9
0	9	0	0	9
1	8	0	0	9
0	8	0	0	8
1	8	0	0	9
1	24	0	0	25
0	11	0	0	11
1	8	0	0	9
0	8	0	0	8
0	8	1	0	9
1	8	0	0	9
1	8	0	0	9
1	14	0	0	15
1	13	0	0	14
0	8	0	0	8
0	9	0	0	9
1	8	0	0	9
0	9	0	0	9
0	9	0	0	9
1	8	0	0	9
0	9	0	0	9
0	13	0	0	13
1	14	1	0	16
1	13	0	0	14
1	8	0	0	9
2	22	0	0	24
0	10	0	0	10
1	11	0	0	12
1	7	0	0	8
1	8	0	0	9
0	8	0	0	8
0	8	0	0	8
0	8	0	0	8
0	8	0	0	8
1	8	0	0	9
0	8	0	0	8
0	8	0	0	8
1	8	0	0	9
0	9	0	0	9
0	8	0	0	8
0	8	0	0	8
1	8	0	0	9
0	8	0	0	8
0	9	0	0	9
1	8	0	0	9
1	26	0	0	27
1	11	0	0	12
0	12	0	0	12
0	9	0	0	9
1	8	0	0	9
1	16	0	0	17
0	8	0	0	8
0	10	0	0	10
1	8	0	0	9
1	8	0	0	9
0	9	0	0	9
1	26	0	0	27
1	11	0	0	12
0	8	1	0	9
0	9	0	0	9
1	8	0	0	9
0	9	0	0	9
1	8	0	0	9
0	9	0	0	9
0	8	1	0	9
1	8	0	0	9
0	9	0	0	9
1	8	1	0	10
1	8	0	0	9
0	8	0	0	8
0	9	0	0	9
1	8	0	0	9
1	8	0	0	9
0	8	0	0	8
0	9	0	0	9
0	9	0	0	9
1	8	0	0	9
0	8	0	0	8
0	9	0	0	9
1	9	0	0	10
1	8	0	0	9
0	8	1	0	9
0	9	0	0	9
0	9	0	0	9
1	8	1	0	10
0	8	1	0	9
1	9	0	0	10
1	8	0	0	9
2	23	1	0	26
1	10	1	0	12
1	8	0	0	9
0	8	0	0	8
1	8	0	0	9
1	21	0	0	22
1	11	0	0	12
0	8	0	0	8
1	13	0	0	14
1	8	0	0	9
0	8	0	0	8
1	8	0	0	9
0	9	0	0	9
0	8	0	0	8
1	8	0	0	9
0	8	1	0	9
1	9	0	0	10
2	23	0	0	25
1	9	1	0	11
1	9	0	0	10
0	10	0	0	10
0	9	0	0	9
1	9	1	0	11
0	10	0	0	10
1	10	0	0	11
1	24	0	0	25
1	11	0	0	12
1	14	1	0	16
1	14	0	0	15
1	15	0	0	16
0	10	0	0	10
1	14	0	0	15
0	10	0	0	10
1	10	0	0	11
0	11	0	0	11
1	10	0	0	11
0	10	0	0	10
0	10	0	0	10
0	11	0	0	11
0	10	0	0	10
0	11	0	0	11
0	11	0	0	11
0	10	1	0	11
0	11	0	0	11